Validation part:
1) Straight Line

  waypoints: [
    [0.0, 0.0], 
    [10.0, 0.0], 
    [15.0, 0.0]
  ]

  segment_times: [10.0, 10.0]

#Obstacle:
    - loc: [4.0, 0.0, 0.0]
      rot: [0.0, 0.0, 1.048]
      scale: [1.0, 1.0, 1.0]
      color: [0.0, 1.0, 0.0]
      type: cube

    - loc: [7.0, 0.0, 0.0]
      rot: [0.0, 0.0, 0.786]
      scale: [1.0, 1.0, 1.0]
      color: [0.0, 1.0, 0.0]
      type: cube
=> Checked!



2) Curved Line
waypoints: [
    [0.0, 0.0],
    [2.0, 0.0],
    [4.0, 0.7],
    [7.5, 1.4],
    [11.0, 0.7],
    [13.0, 0.0],
    [15.0, 0.0]
  ]

segment_times: [3.0, 3.0, 4.0, 4.0, 3.0, 3.0]

#Obstacle:
obstacles:
    - loc: [4.0, 0.7, 0.0]
      rot: [0.0, 0.0, 1.048]
      scale: [1.0, 1.0, 1.0]
      color: [0.0, 1.0, 0.0]
      type: cube

    - loc: [11.0, 0.7, 0.0]
      rot: [0.0, 0.0, 0.786]
      scale: [1.0, 1.0, 1.0]
      color: [0.0, 1.0, 0.0]
      type: cube

=> Checked!!



3) Barcelona GP F1
  psi_start: 3.14
  psi_end: 3.14
  start_speed: 0.0
  end_speed: 0.0
  waypoints: [
    [0.0, 0.0],
    [-2.5, 0.0],
    [-4.0, 0.3],
    [-4.8, 1.0],
    [-4.8, 2.0],
    [-4.0, 2.8],
    [-2.6, 3.2],
    [-1.0, 3.4],
    [0.0, 3.2],
    [0.6, 2.3],
    [-0.2, 1.5],

    [-2.2, 2.1],
    [-3.4, 1.4],
    [-2.2, 0.7],
    [-0.5, 1.0],

    [0.6, 0.6],
    [1.6, 1.6],
    [2.6, 2.6],
    [3.2, 3.8],
    [4.0, 2.8],
    [5.5, 2.0],

    [4.0, 1.2],
    [5.0, 0.6],
    [6.5, 1.0],

    [7.7, 2.5],
    [8.7, 2.0],
    [8.7, 1.0],

    [7.7, 0.2],
    [5.5, 0.0],
    [3.0, 0.0],
    [0.0, 0.0]
  ]

  segment_times: [
    3.0,
    3.0, 1.5, 1.5, 1.5, 1.5, 1.5, 1.5,
    1.5, 1.5, 2.0, 2.0, 2.0, 2.0, 1.5,
    1.5, 1.5, 1.5, 1.5, 2.0, 2.0, 2.0,
    2.0, 2.0, 2.0, 2.0, 2.0, 2.0, 2.0,
    6.0
  ]

#Obstacle:
obstacles:
  - loc: [-4.8, 1.5, 0.0]
    rot: [0.0, 0.0, 1.571]
    scale: [0.4, 0.4, 1.0]
    color: [0.0, 1.0, 0.0]
    type: cube
  - loc: [2.1, 2.1, 0.0]
    rot: [0.0, 0.0, 0.785]
    scale: [0.4, 0.4, 1.0]
    color: [0.0, 1.0, 0.0]
    type: cube
  - loc: [4.2, 0.0, 0.0]
    rot: [0.0, 0.0, 3.142]
    scale: [0.4, 0.4, 1.0]
    color: [0.0, 1.0, 0.0]
    type: cube
